





























































































































































































































































































































































































































































































































Boat: 250002516  is close to zone /home/suchatte/eez_extractor/data/raw/Seychellois_Exclusive_Economic_Zone.dat at 1488326406 with sog 0.0 at a proximity of 91.82302830662972 km.















































































































































Boat: 250116470  is close to zone /home/suchatte/eez_extractor/data/raw/Seychellois_Exclusive_Economic_Zone.dat at 1488326413 with sog 0.0 at a proximity of 91.85659525470301 km.
























































































Boat: 233329000  is close to zone /home/suchatte/eez_extractor/data/raw/Seychellois_Exclusive_Economic_Zone.dat at 1488326415 with sog 6.099999904632568 at a proximity of 98.49923209622919 km.



































Boat: 538006468  is close to zone /home/suchatte/eez_extractor/data/raw/Seychellois_Exclusive_Economic_Zone.dat at 1488326417 with sog 0.10000000149011612 at a proximity of 64.32244881013288 km.





































































































